            1.0              40.0              50.0              31.1   1758703937780.0
            2.0              40.0              50.0              40.8   1758703990568.0
            3.0              40.0              50.0              41.1   1758703992419.0
            4.0              40.0              50.0              41.1   1758703992672.0
            5.0              40.0              50.0              41.1   1758703993018.0
            6.0              40.0              50.0              41.4   1758703993223.0
            7.0              40.0              50.0              41.4   1758703993520.0
            8.0              40.0              50.0              41.4   1758703993911.0
            9.0              40.0              50.0              41.4   1758703994100.0
           10.0              40.0              50.0              41.4   1758703994302.0
           11.0              40.0              50.0              41.4   1758703994504.0
           12.0              40.0              50.0              41.6   1758703994785.0
           13.0              40.0              50.0              41.4   1758703994973.0
           14.0              40.0              50.0              41.5   1758703995473.0
           15.0              40.0              50.0              41.5   1758703995674.0
           16.0              40.0              50.0              41.5   1758703995878.0
           17.0              40.0              50.0              41.5   1758703996143.0
           18.0              40.0              50.0              41.9   1758703998371.0
           19.0              40.0              50.0              41.8   1758703998745.0
           20.0              40.0              50.0              41.9   1758703999078.0
           21.0              40.0              50.0              42.1   1758703999272.0
           22.0              40.0              50.0              42.1   1758703999486.0
           23.0              40.0              50.0              41.8   1758703999690.0
           24.0              40.0              50.0              41.9   1758704000051.0
           25.0              40.0              50.0              41.9   1758704000238.0
           26.0              40.0              50.0              42.1   1758704000440.0
           27.0              40.0              50.0              42.1   1758704000629.0
           28.0              40.0              50.0              42.1   1758704000878.0
           29.0              40.0              50.0              42.1   1758704001066.0
           30.0              40.0              50.0              42.2   1758704001298.0
           31.0              40.0              50.0              41.9   1758704001673.0
           32.0              40.0              50.0              42.1   1758704001862.0
           33.0              40.0              50.0              42.1   1758704002049.0
           34.0              40.0              50.0              42.1   1758704002236.0
           35.0              40.0              50.0              42.4   1758704004814.0
           36.0              40.0              50.0              42.4   1758704005031.0
           37.0              40.0              50.0              42.4   1758704005244.0
           38.0              40.0              50.0              42.2   1758704005453.0
           39.0              40.0              50.0              42.3   1758704006545.0
           40.0              40.0              50.0              42.3   1758704006734.0
           41.0              40.0              50.0              42.5   1758704006967.0
           42.0              40.0              50.0              42.5   1758704007156.0
           43.0              40.0              50.0              42.5   1758704007343.0
           44.0              40.0              50.0              42.5   1758704007531.0
           45.0              40.0              50.0              42.6   1758704007803.0
           46.0              40.0              50.0              42.7   1758704008001.0
           47.0              40.0              50.0              42.7   1758704008297.0
           48.0              40.0              50.0              42.6   1758704008498.0
           49.0              40.0              50.0              42.6   1758704008701.0
           50.0              40.0              50.0              42.7   1758704008933.0
           51.0              40.0              50.0              42.9   1758704009140.0
           52.0              40.0              50.0              42.9   1758704009418.0
           53.0              40.0              50.0              42.7   1758704009778.0
           54.0              40.0              50.0              42.9   1758704009967.0
           55.0              40.0              50.0              42.9   1758704010156.0
           56.0              40.0              50.0              42.7   1758704010360.0
           57.0              40.0              50.0              43.0   1758704010561.0
           58.0              40.0              50.0              43.0   1758704010763.0
           59.0              40.0              50.0              42.9   1758704010970.0
           60.0              40.0              50.0              42.9   1758704011177.0
           61.0              40.0              50.0              43.2   1758704013478.0
           62.0              40.0              50.0              43.2   1758704013698.0
           63.0              40.0              50.0              43.1   1758704013932.0
           64.0              40.0              50.0              43.1   1758704014150.0
           65.0              40.0              50.0              43.1   1758704014369.0
           66.0              40.0              50.0              43.1   1758704014600.0
           67.0              40.0              50.0              43.1   1758704014801.0
           68.0              40.0              50.0              43.2   1758704015004.0
           69.0              40.0              50.0              43.2   1758704015212.0
           70.0              40.0              50.0              43.2   1758704015447.0
           71.0              40.0              50.0              43.3   1758704015650.0
           72.0              40.0              50.0              43.3   1758704015867.0
           73.0              40.0              50.0              43.3   1758704016149.0
           74.0              40.0              50.0              43.3   1758704016337.0
           75.0              40.0              50.0              43.4   1758704017202.0
           76.0              40.0              50.0              43.4   1758704017405.0
           77.0              40.0              50.0              43.2   1758704017610.0
           78.0              40.0              50.0              43.2   1758704017818.0
           79.0              40.0              50.0              43.2   1758704018033.0
           80.0              40.0              50.0              43.3   1758704018251.0
           81.0              40.0              50.0              43.3   1758704018459.0
           82.0              40.0              50.0              43.2   1758704020182.0
           83.0              40.0              50.0              43.2   1758704020371.0
           84.0              40.0              50.0              43.3   1758704020557.0
           85.0              40.0              50.0              43.4   1758704020751.0
           86.0              40.0              50.0              43.4   1758704020991.0
           87.0              40.0              50.0              43.4   1758704021714.0
           88.0              40.0              50.0              43.4   1758704022687.0
           89.0              40.0              50.0              43.3   1758704023706.0
           90.0              40.0              50.0              43.6   1758704024697.0
           91.0              40.0              50.0              43.4   1758704025694.0
           92.0              40.0              50.0              43.4   1758704026696.0
           93.0              40.0              50.0              43.4   1758704027706.0
           94.0              40.0              50.0              43.6   1758704028689.0
           95.0              40.0              50.0              43.6   1758704029689.0
           96.0              40.0              50.0              43.3   1758704030707.0
           97.0              40.0              50.0              43.6   1758704031701.0
           98.0              40.0              50.0              43.6   1758704032690.0
           99.0              40.0              50.0              43.7   1758704033692.0
          100.0              40.0              50.0              43.7   1758704034698.0
          101.0              50.0              50.0              43.7   1758704035681.0
          102.0              50.0              50.0              43.7   1758704036684.0
          103.0              50.0              50.0              43.6   1758704037691.0
          104.0              50.0              50.0              43.7   1758704038695.0
          105.0              50.0              50.0              43.6   1758704039702.0
          106.0              50.0              50.0              43.7   1758704040689.0
          107.0              50.0              50.0              43.9   1758704041709.0
          108.0              50.0              50.0              43.8   1758704042715.0
          109.0              50.0              50.0              43.8   1758704043684.0
          110.0              50.0              50.0              43.7   1758704044689.0
          111.0              50.0              50.0              43.8   1758704045690.0
          112.0              50.0              50.0              43.7   1758704046691.0
          113.0              50.0              50.0              43.6   1758704047703.0
          114.0              50.0              50.0              43.8   1758704048691.0
          115.0              50.0              50.0              43.8   1758704049705.0
          116.0              50.0              50.0              43.9   1758704050695.0
          117.0              50.0              50.0              43.9   1758704051695.0
          118.0              50.0              50.0              44.0   1758704053083.0
          119.0              50.0              50.0              44.0   1758704054561.0
          120.0              50.0              50.0              44.0   1758704055877.0
          121.0              50.0              50.0              44.3   1758704056113.0
          122.0              50.0              50.0              44.4   1758704057174.0
          123.0              50.0              50.0              44.3   1758704058145.0
          124.0              50.0              50.0              44.4   1758704058691.0
          125.0              50.0              50.0              44.4   1758704060013.0
          126.0              50.0              50.0              44.4   1758704060682.0
          127.0              50.0              50.0              44.3   1758704061696.0
          128.0              50.0              50.0              44.4   1758704066454.0
          129.0              50.0              50.0              44.3   1758704066685.0
          130.0              50.0              50.0              44.3   1758704066908.0
          131.0              50.0              50.0              44.3   1758704067145.0
          132.0              50.0              50.0              44.3   1758704067345.0
          133.0              50.0              50.0              44.6   1758704067955.0
          134.0              50.0              50.0              44.5   1758704068713.0
          135.0              50.0              50.0              44.6   1758704069694.0
          136.0              50.0              50.0              44.5   1758704070697.0
          137.0              50.0              50.0              44.4   1758704071682.0
          138.0              50.0              50.0              44.7   1758704072704.0
          139.0              50.0              50.0              44.8   1758704073684.0
          140.0              50.0              50.0              44.8   1758704074688.0
          141.0              50.0              50.0              44.7   1758704075692.0
          142.0              50.0              50.0              45.0   1758704076705.0
          143.0              50.0              50.0              44.8   1758704077689.0
          144.0              50.0              50.0              44.6   1758704078711.0
          145.0              50.0              50.0              44.8   1758704079698.0
          146.0              50.0              50.0              44.8   1758704080702.0
          147.0              50.0              50.0              44.8   1758704081699.0
          148.0              50.0              50.0              45.0   1758704082695.0
          149.0              50.0              50.0              44.8   1758704083685.0
          150.0              50.0              50.0              44.8   1758704084691.0
          151.0              50.0              50.0              44.8   1758704085695.0
          152.0              50.0              50.0              44.8   1758704086697.0
          153.0              50.0              50.0              44.7   1758704087685.0
          154.0              50.0              50.0              45.0   1758704088683.0
          155.0              50.0              50.0              45.0   1758704089682.0
          156.0              50.0              50.0              44.7   1758704097534.0
          157.0              50.0              50.0              44.8   1758704097919.0
          158.0              50.0              50.0              44.7   1758704098136.0
          159.0              50.0              50.0              44.7   1758704098355.0
          160.0              50.0              50.0              44.8   1758704098653.0
          161.0              50.0              50.0              45.0   1758704098858.0
          162.0              50.0              50.0              45.0   1758704099080.0
          163.0              50.0              50.0              44.7   1758704099314.0
          164.0              50.0              50.0              44.6   1758704099553.0
          165.0              50.0              50.0              44.6   1758704099817.0
          166.0              50.0              50.0              44.7   1758704100691.0
          167.0              50.0              50.0              44.8   1758704101697.0
          168.0              50.0              50.0              44.8   1758704102683.0
          169.0              50.0              50.0              45.0   1758704103698.0
          170.0              50.0              50.0              45.2   1758704104690.0
          171.0              50.0              50.0              44.8   1758704105704.0
          172.0              50.0              50.0              44.8   1758704106716.0
          173.0              50.0              50.0              44.8   1758704107720.0
          174.0              50.0              50.0              45.1   1758704108686.0
          175.0              50.0              50.0              44.8   1758704109690.0
          176.0              50.0              50.0              45.0   1758704110697.0
          177.0              50.0              50.0              45.0   1758704111709.0
          178.0              50.0              50.0              45.2   1758704112699.0
          179.0              50.0              50.0              45.1   1758704113691.0
          180.0              50.0              50.0              45.2   1758704114689.0
          181.0              50.0              50.0              45.3   1758704115686.0
          182.0              50.0              50.0              45.3   1758704116688.0
          183.0              50.0              50.0              45.3   1758704117690.0
          184.0              50.0              50.0              45.3   1758704118697.0
          185.0              50.0              50.0              45.3   1758704119695.0
          186.0              50.0              50.0              45.3   1758704120685.0
          187.0              50.0              50.0              45.4   1758704121710.0
          188.0              50.0              50.0              45.2   1758704122695.0
          189.0              50.0              50.0              45.4   1758704123708.0
          190.0              50.0              50.0              45.4   1758704124695.0
          191.0              50.0              50.0              45.7   1758704125712.0
          192.0              50.0              50.0              45.7   1758704126682.0
          193.0              50.0              50.0              45.4   1758704127692.0
          194.0              50.0              50.0              45.5   1758704128695.0
          195.0              50.0              50.0              45.7   1758704129719.0
          196.0              50.0              50.0              45.5   1758704130711.0
          197.0              50.0              50.0              45.4   1758704131707.0
          198.0              50.0              50.0              45.4   1758704132696.0
          199.0              50.0              50.0              45.5   1758704133695.0
          200.0              50.0              50.0              45.7   1758704134691.0
          201.0              50.0              50.0              45.5   1758704135694.0
          202.0              50.0              50.0              45.7   1758704136695.0
          203.0              50.0              50.0              45.7   1758704137697.0
          204.0              50.0              50.0              45.7   1758704138712.0
          205.0              50.0              50.0              46.0   1758704139692.0
          206.0              50.0              50.0              45.8   1758704140699.0
          207.0              50.0              50.0              45.8   1758704141716.0
          208.0              50.0              50.0              45.7   1758704142699.0
          209.0              50.0              50.0              45.7   1758704143687.0
          210.0              50.0              50.0              45.7   1758704144706.0
          211.0              50.0              50.0              45.7   1758704145690.0
          212.0              50.0              50.0              45.8   1758704146693.0
          213.0              50.0              50.0              45.8   1758704147692.0
          214.0              50.0              50.0              45.7   1758704148709.0
          215.0              50.0              50.0              45.9   1758704149712.0
          216.0              50.0              50.0              46.0   1758704153506.0
          217.0              50.0              50.0              46.0   1758704153746.0
          218.0              50.0              50.0              46.0   1758704153991.0
          219.0              50.0              50.0              46.0   1758704154336.0
          220.0              50.0              50.0              46.1   1758704154696.0
          221.0              50.0              50.0              46.1   1758704155717.0
          222.0              50.0              50.0              46.4   1758704157394.0
          223.0              50.0              50.0              46.2   1758704158078.0
          224.0              50.0              50.0              46.2   1758704158706.0
          225.0              50.0              50.0              46.4   1758704159689.0
          226.0              50.0              50.0              46.5   1758704160693.0
          227.0              50.0              50.0              46.4   1758704161696.0
          228.0              50.0              50.0              46.5   1758704162708.0
          229.0              50.0              50.0              46.5   1758704163710.0
          230.0              50.0              50.0              46.4   1758704164693.0
          231.0              50.0              50.0              46.4   1758704165693.0
          232.0              50.0              50.0              46.5   1758704166694.0
          233.0              50.0              50.0              46.4   1758704167713.0
          234.0              50.0              50.0              46.5   1758704168684.0
          235.0              50.0              50.0              46.5   1758704169702.0
          236.0              50.0              50.0              46.4   1758704170705.0
          237.0              50.0              50.0              46.7   1758704171686.0
          238.0              50.0              50.0              46.6   1758704172689.0
          239.0              50.0              50.0              46.6   1758704173688.0
          240.0              50.0              50.0              46.7   1758704174693.0
          241.0              50.0              50.0              46.7   1758704175688.0
          242.0              50.0              50.0              46.7   1758704176694.0
          243.0              50.0              50.0              46.7   1758704177686.0
          244.0              50.0              50.0              46.7   1758704178694.0
          245.0              50.0              50.0              46.7   1758704179696.0
          246.0              50.0              50.0              46.8   1758704180693.0
          247.0              50.0              50.0              46.7   1758704181690.0
          248.0              50.0              50.0              46.7   1758704182710.0
          249.0              50.0              50.0              46.6   1758704183693.0
          250.0              50.0              50.0              46.7   1758704184710.0
          251.0              50.0              50.0              46.6   1758704185685.0
          252.0              50.0              50.0              46.7   1758704186691.0
          253.0              50.0              50.0              46.6   1758704187693.0
          254.0              50.0              50.0              46.5   1758704188689.0
          255.0              50.0              50.0              46.6   1758704189695.0
          256.0              50.0              50.0              46.5   1758704190693.0
          257.0              50.0              50.0              46.5   1758704191694.0
          258.0              50.0              50.0              46.5   1758704192697.0
          259.0              50.0              50.0              46.5   1758704193686.0
          260.0              50.0              50.0              46.5   1758704194709.0
          261.0              50.0              50.0              46.6   1758704195705.0
          262.0              50.0              50.0              46.5   1758704196696.0
          263.0              50.0              50.0              46.4   1758704197684.0
          264.0              50.0              50.0              46.5   1758704198696.0
          265.0              50.0              50.0              46.2   1758704199706.0
          266.0              50.0              50.0              46.5   1758704200718.0
          267.0              50.0              50.0              46.5   1758704201702.0
          268.0              50.0              50.0              46.6   1758704202695.0
          269.0              50.0              50.0              46.6   1758704203703.0
          270.0              50.0              50.0              46.7   1758704204709.0
          271.0              50.0              50.0              46.7   1758704205695.0
          272.0              50.0              50.0              46.6   1758704206714.0
          273.0              50.0              50.0              46.5   1758704207701.0
          274.0              50.0              50.0              46.7   1758704208691.0
          275.0              50.0              50.0              46.6   1758704209687.0
          276.0              50.0              50.0              46.6   1758704210714.0
          277.0              50.0              50.0              46.6   1758704211703.0
          278.0              50.0              50.0              46.6   1758704212687.0
          279.0              50.0              50.0              46.5   1758704213689.0
          280.0              50.0              50.0              46.5   1758704214712.0
          281.0              50.0              50.0              46.6   1758704215685.0
          282.0              50.0              50.0              46.7   1758704216710.0
          283.0              50.0              50.0              46.6   1758704217712.0
          284.0              50.0              50.0              46.7   1758704218707.0
          285.0              50.0              50.0              46.7   1758704219690.0
          286.0              50.0              50.0              46.9   1758704220685.0
          287.0              50.0              50.0              46.8   1758704221699.0
          288.0              50.0              50.0              46.6   1758704222707.0
          289.0              50.0              50.0              46.7   1758704223697.0
          290.0              50.0              50.0              46.9   1758704224700.0
          291.0              50.0              50.0              46.9   1758704225705.0
          292.0              50.0              50.0              46.8   1758704226687.0
          293.0              50.0              50.0              46.7   1758704227694.0
          294.0              50.0              50.0              46.8   1758704228708.0
          295.0              50.0              50.0              46.8   1758704229715.0
          296.0              50.0              50.0              46.9   1758704230691.0
          297.0              50.0              50.0              46.6   1758704231694.0
          298.0              50.0              50.0              46.8   1758704232700.0
          299.0              50.0              50.0              47.1   1758704233701.0
          300.0              50.0              50.0              47.1   1758704234703.0
          301.0              50.0              50.0              47.2   1758704235685.0
          302.0              50.0              50.0              46.9   1758704236689.0
          303.0              50.0              50.0              46.9   1758704237691.0
          304.0              50.0              50.0              46.8   1758704238684.0
          305.0              50.0              50.0              46.7   1758704239691.0
          306.0              50.0              50.0              46.6   1758704240693.0
          307.0              50.0              50.0              46.8   1758704241688.0
          308.0              50.0              50.0              46.5   1758704242708.0
          309.0              50.0              50.0              46.7   1758704243703.0
          310.0              50.0              50.0              46.7   1758704244705.0
          311.0              50.0              50.0              46.6   1758704245688.0
          312.0              50.0              50.0              46.6   1758704246690.0
          313.0              50.0              50.0              46.6   1758704247709.0
          314.0              50.0              50.0              46.7   1758704248713.0
          315.0              50.0              50.0              46.8   1758704249686.0
          316.0              50.0              50.0              46.8   1758704250692.0
          317.0              50.0              50.0              46.9   1758704251715.0
          318.0              50.0              50.0              46.9   1758704252699.0
          319.0              50.0              50.0              46.8   1758704253685.0
          320.0              50.0              50.0              46.9   1758704254705.0
          321.0              50.0              50.0              47.2   1758704255710.0
          322.0              50.0              50.0              46.8   1758704256684.0
          323.0              50.0              50.0              47.1   1758704257694.0
          324.0              50.0              50.0              47.1   1758704260006.0
          325.0              50.0              50.0              47.1   1758704260271.0
          326.0              50.0              50.0              47.1   1758704260699.0
          327.0              50.0              50.0              47.3   1758704261702.0
          328.0              50.0              50.0              47.3   1758704262694.0
          329.0              50.0              50.0              47.2   1758704263710.0
          330.0              50.0              50.0              47.4   1758704264686.0
          331.0              50.0              50.0              47.4   1758704265704.0
          332.0              50.0              50.0              47.7   1758704266714.0
          333.0              50.0              50.0              47.6   1758704267710.0
          334.0              50.0              50.0              47.6   1758704268693.0
          335.0              50.0              50.0              47.6   1758704269717.0
          336.0              50.0              50.0              47.9   1758704270698.0
          337.0              50.0              50.0              47.9   1758704271706.0
          338.0              50.0              50.0              47.9   1758704272684.0
          339.0              50.0              50.0              48.0   1758704273693.0
          340.0              50.0              50.0              48.0   1758704274703.0
          341.0              50.0              50.0              47.9   1758704275693.0
          342.0              50.0              50.0              47.9   1758704276693.0
          343.0              50.0              50.0              47.7   1758704277694.0
          344.0              50.0              50.0              47.9   1758704278702.0
          345.0              50.0              50.0              47.5   1758704279689.0
          346.0              50.0              50.0              47.6   1758704280689.0
          347.0              50.0              50.0              47.5   1758704281701.0
          348.0              50.0              50.0              47.5   1758704282708.0
          349.0              50.0              50.0              47.4   1758704283700.0
          350.0              50.0              50.0              47.5   1758704284693.0
          351.0              50.0              50.0              47.4   1758704285689.0
          352.0              50.0              50.0              47.4   1758704287536.0
          353.0              50.0              50.0              47.4   1758704287792.0
          354.0              50.0              50.0              47.3   1758704288686.0
          355.0              50.0              50.0              47.3   1758704289695.0
          356.0              50.0              50.0              47.4   1758704290694.0
          357.0              50.0              50.0              47.5   1758704291681.0
          358.0              50.0              50.0              47.5   1758704292689.0
          359.0              50.0              50.0              47.4   1758704293691.0
          360.0              50.0              50.0              47.4   1758704294688.0
          361.0              50.0              50.0              47.3   1758704295718.0
          362.0              50.0              50.0              47.4   1758704296711.0
          363.0              50.0              50.0              47.3   1758704297715.0
          364.0              50.0              50.0              47.4   1758704298695.0
          365.0              50.0              50.0              47.5   1758704299706.0
          366.0              50.0              50.0              47.5   1758704300710.0
          367.0              50.0              50.0              47.5   1758704301694.0
          368.0              50.0              50.0              47.5   1758704302691.0
          369.0              50.0              50.0              47.4   1758704303695.0
          370.0              50.0              50.0              47.5   1758704304692.0
          371.0              50.0              50.0              47.4   1758704306264.0
          372.0              50.0              50.0              47.5   1758704306684.0
          373.0              50.0              50.0              47.3   1758704307712.0
          374.0              50.0              50.0              47.3   1758704308722.0
          375.0              50.0              50.0              47.5   1758704309690.0
          376.0              50.0              50.0              47.6   1758704310704.0
          377.0              50.0              50.0              47.5   1758704311708.0
          378.0              50.0              50.0              47.5   1758704312706.0
          379.0              50.0              50.0              47.9   1758704313691.0
          380.0              50.0              50.0              48.0   1758704314695.0
          381.0              50.0              50.0              47.7   1758704315702.0
          382.0              50.0              50.0              47.9   1758704316690.0
          383.0              50.0              50.0              48.1   1758704317687.0
          384.0              50.0              50.0              48.0   1758704318706.0
          385.0              50.0              50.0              47.7   1758704319692.0
          386.0              50.0              50.0              47.7   1758704320688.0
          387.0              50.0              50.0              47.9   1758704321691.0
          388.0              50.0              50.0              47.9   1758704322705.0
          389.0              50.0              50.0              47.9   1758704323707.0
          390.0              50.0              50.0              47.9   1758704324687.0
          391.0              50.0              50.0              47.6   1758704325689.0
          392.0              50.0              50.0              47.7   1758704326696.0
          393.0              50.0              50.0              47.9   1758704327718.0
          394.0              50.0              50.0              47.6   1758704328685.0
          395.0              50.0              50.0              47.7   1758704329686.0
          396.0              50.0              50.0              47.9   1758704330684.0
          397.0              50.0              50.0              47.9   1758704331708.0
          398.0              50.0              50.0              47.9   1758704332699.0
          399.0              50.0              50.0              48.1   1758704333697.0
          400.0              50.0              50.0              48.3   1758704334684.0
          401.0              50.0              50.0              48.2   1758704335694.0
          402.0              50.0              50.0              48.1   1758704336698.0
          403.0              50.0              50.0              48.4   1758704337684.0
          404.0              50.0              50.0              48.2   1758704338693.0
          405.0              50.0              50.0              48.2   1758704339699.0
          406.0              50.0              50.0              48.2   1758704340684.0
          407.0              50.0              50.0              48.0   1758704341689.0
          408.0              50.0              50.0              48.0   1758704342689.0
          409.0              50.0              50.0              48.1   1758704343695.0
          410.0              50.0              50.0              47.9   1758704344693.0
          411.0              50.0              50.0              48.1   1758704345690.0
          412.0              50.0              50.0              47.9   1758704346696.0
          413.0              50.0              50.0              48.0   1758704347684.0
          414.0              50.0              50.0              48.0   1758704348712.0
          415.0              50.0              50.0              48.0   1758704349715.0
          416.0              50.0              50.0              48.1   1758704350686.0
          417.0              50.0              50.0              47.9   1758704351684.0
          418.0              50.0              50.0              48.1   1758704352686.0
          419.0              50.0              50.0              48.1   1758704353690.0
          420.0              50.0              50.0              48.0   1758704354713.0
          421.0              50.0              50.0              48.1   1758704355710.0
          422.0              50.0              50.0              48.0   1758704356715.0
          423.0              50.0              50.0              47.7   1758704357693.0
          424.0              50.0              50.0              48.0   1758704358687.0
          425.0              50.0              50.0              47.7   1758704359690.0
          426.0              50.0              50.0              47.9   1758704360696.0
          427.0              50.0              50.0              47.9   1758704361710.0
          428.0              50.0              50.0              47.9   1758704362685.0
          429.0              50.0              50.0              47.7   1758704363689.0
          430.0              50.0              50.0              47.9   1758704364698.0
          431.0              50.0              50.0              48.0   1758704365696.0
          432.0              50.0              50.0              47.9   1758704366703.0
          433.0              50.0              50.0              47.9   1758704367701.0
          434.0              50.0              50.0              47.7   1758704368701.0
          435.0              50.0              50.0              48.0   1758704369687.0
          436.0              50.0              50.0              48.0   1758704370683.0
          437.0              50.0              50.0              48.0   1758704371711.0
          438.0              50.0              50.0              47.9   1758704372690.0
          439.0              50.0              50.0              47.9   1758704373704.0
          440.0              50.0              50.0              47.9   1758704374690.0
          441.0              50.0              50.0              47.9   1758704375709.0
          442.0              50.0              50.0              47.9   1758704376694.0
          443.0              50.0              50.0              48.1   1758704377705.0
          444.0              50.0              50.0              48.0   1758704378694.0
          445.0              50.0              50.0              48.0   1758704379703.0
          446.0              50.0              50.0              48.0   1758704380709.0
          447.0              50.0              50.0              48.0   1758704381704.0
          448.0              50.0              50.0              48.0   1758704382689.0
          449.0              50.0              50.0              48.0   1758704383709.0
          450.0              50.0              50.0              47.9   1758704384694.0
          451.0              50.0              50.0              48.0   1758704385702.0
          452.0              50.0              50.0              48.0   1758704386710.0
          453.0              50.0              50.0              47.9   1758704387692.0
          454.0              50.0              50.0              47.9   1758704388718.0
          455.0              50.0              50.0              47.9   1758704389692.0
          456.0              50.0              50.0              47.9   1758704390692.0
          457.0              50.0              50.0              47.7   1758704391709.0
          458.0              50.0              50.0              47.7   1758704392701.0
          459.0              50.0              50.0              47.6   1758704393691.0
          460.0              50.0              50.0              48.0   1758704394696.0
          461.0              50.0              50.0              47.9   1758704395696.0
          462.0              50.0              50.0              47.9   1758704396706.0
          463.0              50.0              50.0              48.0   1758704397716.0
          464.0              50.0              50.0              48.0   1758704398696.0
          465.0              50.0              50.0              47.9   1758704399713.0
          466.0              50.0              50.0              47.7   1758704400695.0
          467.0              50.0              50.0              48.1   1758704401702.0
          468.0              50.0              50.0              47.9   1758704402690.0
          469.0              50.0              50.0              47.9   1758704403690.0
          470.0              50.0              50.0              47.9   1758704404700.0
          471.0              50.0              50.0              47.7   1758704405701.0
          472.0              50.0              50.0              47.7   1758704406696.0
          473.0              50.0              50.0              48.0   1758704407680.0
          474.0              50.0              50.0              47.7   1758704408703.0
          475.0              50.0              50.0              48.1   1758704409708.0
          476.0              50.0              50.0              48.0   1758704410697.0
          477.0              50.0              50.0              48.1   1758704411716.0
          478.0              50.0              50.0              48.1   1758704412718.0
          479.0              50.0              50.0              48.0   1758704413709.0
          480.0              50.0              50.0              48.1   1758704414698.0
          481.0              50.0              50.0              48.2   1758704415712.0
          482.0              50.0              50.0              48.2   1758704416687.0
          483.0              50.0              50.0              48.3   1758704417695.0
          484.0              50.0              50.0              48.3   1758704418697.0
          485.0              50.0              50.0              48.3   1758704419689.0
          486.0              50.0              50.0              48.4   1758704420693.0
          487.0              50.0              50.0              48.4   1758704421700.0
          488.0              50.0              50.0              48.2   1758704422693.0
          489.0              50.0              50.0              48.2   1758704423711.0
          490.0              50.0              50.0              48.2   1758704424718.0
          491.0              50.0              50.0              48.3   1758704425687.0
          492.0              50.0              50.0              48.3   1758704426685.0
          493.0              50.0              50.0              48.3   1758704427704.0
          494.0              50.0              50.0              48.3   1758704428700.0
          495.0              50.0              50.0              48.3   1758704429684.0
          496.0              50.0              50.0              48.3   1758704430689.0
          497.0              50.0              50.0              48.1   1758704431709.0
          498.0              50.0              50.0              48.1   1758704432695.0
          499.0              50.0              50.0              48.1   1758704433687.0
          500.0              50.0              50.0              48.1   1758704434711.0
          501.0              50.0              50.0              48.1   1758704435714.0
          502.0              50.0              50.0              48.0   1758704436693.0
          503.0              50.0              50.0              48.0   1758704437697.0
          504.0              50.0              50.0              48.1   1758704438685.0
          505.0              50.0              50.0              48.1   1758704439688.0
          506.0              50.0              50.0              48.1   1758704440694.0
          507.0              50.0              50.0              48.1   1758704441702.0
          508.0              50.0              50.0              48.1   1758704442694.0
          509.0              50.0              50.0              48.1   1758704443699.0
          510.0              50.0              50.0              48.1   1758704444699.0
          511.0              50.0              50.0              48.1   1758704445686.0
          512.0              50.0              50.0              48.0   1758704446710.0
          513.0              50.0              50.0              48.0   1758704447694.0
          514.0              50.0              50.0              48.0   1758704448699.0
          515.0              50.0              50.0              48.1   1758704449690.0
          516.0              50.0              50.0              48.1   1758704450713.0
          517.0              50.0              50.0              48.1   1758704451696.0
          518.0              50.0              50.0              48.0   1758704452714.0
          519.0              50.0              50.0              48.0   1758704453694.0
          520.0              50.0              50.0              48.0   1758704454692.0
          521.0              50.0              50.0              48.0   1758704455692.0
          522.0              50.0              50.0              47.9   1758704456697.0
          523.0              50.0              50.0              48.0   1758704457687.0
          524.0              50.0              50.0              47.9   1758704458692.0
          525.0              50.0              50.0              48.0   1758704459709.0
          526.0              50.0              50.0              48.0   1758704460695.0
          527.0              50.0              50.0              48.0   1758704461696.0
          528.0              50.0              50.0              48.0   1758704462684.0
          529.0              50.0              50.0              48.0   1758704463691.0
          530.0              50.0              50.0              48.0   1758704464692.0
          531.0              50.0              50.0              48.1   1758704465705.0
          532.0              50.0              50.0              48.3   1758704466691.0
          533.0              50.0              50.0              48.3   1758704467695.0
          534.0              50.0              50.0              48.4   1758704468686.0
          535.0              50.0              50.0              48.6   1758704469694.0
          536.0              50.0              50.0              48.8   1758704470697.0
          537.0              50.0              50.0              48.6   1758704471715.0
          538.0              50.0              50.0              48.8   1758704472697.0
          539.0              50.0              50.0              48.6   1758704473716.0
          540.0              50.0              50.0              48.7   1758704474695.0
          541.0              50.0              50.0              48.6   1758704475699.0
          542.0              50.0              50.0              48.7   1758704476702.0
          543.0              50.0              50.0              48.8   1758704477685.0
          544.0              50.0              50.0              48.7   1758704478692.0
          545.0              50.0              50.0              48.7   1758704479706.0
          546.0              50.0              50.0              48.4   1758704480695.0
          547.0              50.0              50.0              48.8   1758704481697.0
          548.0              50.0              50.0              48.7   1758704482699.0
          549.0              50.0              50.0              48.6   1758704483686.0
          550.0              50.0              50.0              48.4   1758704484690.0
          551.0              50.0              50.0              48.3   1758704485698.0
          552.0              50.0              50.0              48.4   1758704486698.0
          553.0              50.0              50.0              48.3   1758704487701.0
          554.0              50.0              50.0              48.3   1758704488684.0
          555.0              50.0              50.0              48.4   1758704489685.0
          556.0              50.0              50.0              48.4   1758704490708.0
          557.0              50.0              50.0              48.2   1758704491710.0
          558.0              50.0              50.0              48.2   1758704492705.0
          559.0              50.0              50.0              48.2   1758704493694.0
          560.0              50.0              50.0              48.0   1758704494682.0
          561.0              50.0              50.0              47.9   1758704495701.0
          562.0              50.0              50.0              47.9   1758704496685.0
          563.0              50.0              50.0              47.7   1758704497689.0
          564.0              50.0              50.0              48.1   1758704498695.0
          565.0              50.0              50.0              48.0   1758704499699.0
          566.0              50.0              50.0              48.0   1758704500693.0
          567.0              50.0              50.0              48.1   1758704501697.0
          568.0              50.0              50.0              48.2   1758704502687.0
          569.0              50.0              50.0              48.3   1758704503691.0
          570.0              50.0              50.0              48.2   1758704504697.0
          571.0              50.0              50.0              48.3   1758704505714.0
          572.0              50.0              50.0              48.4   1758704506712.0
          573.0              50.0              50.0              48.6   1758704507699.0
          574.0              50.0              50.0              48.6   1758704508704.0
          575.0              50.0              50.0              48.6   1758704509689.0
          576.0              50.0              50.0              48.6   1758704510686.0
          577.0              50.0              50.0              48.3   1758704511688.0
          578.0              50.0              50.0              48.3   1758704512694.0
          579.0              50.0              50.0              48.4   1758704513701.0
          580.0              50.0              50.0              48.2   1758704514689.0
          581.0              50.0              50.0              48.3   1758704515689.0
          582.0              50.0              50.0              48.1   1758704516706.0
          583.0              50.0              50.0              48.1   1758704517707.0
          584.0              50.0              50.0              48.1   1758704518695.0
          585.0              50.0              50.0              48.0   1758704519690.0
          586.0              50.0              50.0              47.9   1758704520690.0
          587.0              50.0              50.0              48.0   1758704521695.0
          588.0              50.0              50.0              47.7   1758704522698.0
          589.0              50.0              50.0              47.9   1758704523714.0
          590.0              50.0              50.0              48.0   1758704524711.0
          591.0              50.0              50.0              47.9   1758704525720.0
          592.0              50.0              50.0              48.2   1758704526686.0
          593.0              50.0              50.0              48.3   1758704527711.0
          594.0              50.0              50.0              48.2   1758704528690.0
          595.0              50.0              50.0              48.4   1758704529698.0
          596.0              50.0              50.0              48.3   1758704530695.0
          597.0              50.0              50.0              48.3   1758704531719.0
          598.0              50.0              50.0              48.4   1758704532688.0
          599.0              50.0              50.0              48.2   1758704533695.0
          600.0              50.0              50.0              48.3   1758704534697.0
          601.0              50.0              50.0              48.3   1758704535696.0
          602.0              50.0              50.0              48.3   1758704536683.0
          603.0              50.0              50.0              48.3   1758704537687.0
          604.0              50.0              50.0              48.4   1758704538705.0
          605.0              50.0              50.0              48.3   1758704539686.0
          606.0              50.0              50.0              48.6   1758704540716.0
          607.0              50.0              50.0              48.7   1758704541691.0
          608.0              50.0              50.0              48.7   1758704542698.0
          609.0              50.0              50.0              48.7   1758704543685.0
          610.0              50.0              50.0              48.6   1758704544695.0
          611.0              50.0              50.0              48.6   1758704545697.0
          612.0              50.0              50.0              48.6   1758704546692.0
          613.0              50.0              50.0              48.6   1758704547687.0
          614.0              50.0              50.0              48.8   1758704548686.0
          615.0              50.0              50.0              48.7   1758704549683.0
          616.0              50.0              50.0              48.7   1758704550686.0
          617.0              50.0              50.0              48.9   1758704551701.0
          618.0              50.0              50.0              48.8   1758704552706.0
          619.0              50.0              50.0              49.1   1758704553691.0
          620.0              50.0              50.0              49.0   1758704554695.0
          621.0              50.0              50.0              49.0   1758704555682.0
          622.0              50.0              50.0              49.1   1758704556689.0
          623.0              50.0              50.0              48.9   1758704557711.0
          624.0              50.0              50.0              48.8   1758704558690.0
          625.0              50.0              50.0              48.8   1758704559695.0
          626.0              50.0              50.0              48.8   1758704560695.0
          627.0              50.0              50.0              48.9   1758704561695.0
          628.0              50.0              50.0              48.7   1758704562696.0
          629.0              50.0              50.0              48.6   1758704563685.0
          630.0              50.0              50.0              48.7   1758704564692.0
          631.0              50.0              50.0              48.7   1758704565684.0
          632.0              50.0              50.0              48.6   1758704566685.0
          633.0              50.0              50.0              48.4   1758704567690.0
          634.0              50.0              50.0              48.2   1758704568690.0
          635.0              50.0              50.0              48.3   1758704569694.0
          636.0              50.0              50.0              48.3   1758704570698.0
          637.0              50.0              50.0              48.3   1758704571697.0
          638.0              50.0              50.0              48.3   1758704572701.0
          639.0              50.0              50.0              48.4   1758704573692.0
          640.0              50.0              50.0              48.3   1758704574693.0
          641.0              50.0              50.0              48.3   1758704575690.0
          642.0              50.0              50.0              48.4   1758704576707.0
          643.0              50.0              50.0              48.3   1758704577692.0
          644.0              50.0              50.0              48.4   1758704578700.0
          645.0              50.0              50.0              48.3   1758704579707.0
          646.0              50.0              50.0              48.2   1758704580684.0
          647.0              50.0              50.0              48.1   1758704581692.0
          648.0              50.0              50.0              48.2   1758704582687.0
          649.0              50.0              50.0              48.0   1758704583692.0
          650.0              50.0              50.0              47.9   1758704584699.0
          651.0              50.0              50.0              48.1   1758704585686.0
          652.0              50.0              50.0              48.0   1758704586691.0
          653.0              50.0              50.0              47.9   1758704587706.0
          654.0              50.0              50.0              47.9   1758704588682.0
          655.0              50.0              50.0              47.9   1758704589688.0
          656.0              50.0              50.0              48.0   1758704590697.0
          657.0              50.0              50.0              48.0   1758704591700.0
          658.0              50.0              50.0              48.0   1758704592693.0
          659.0              50.0              50.0              48.1   1758704593690.0
          660.0              50.0              50.0              48.2   1758704594689.0
          661.0              50.0              50.0              48.4   1758704595713.0
          662.0              50.0              50.0              48.3   1758704596695.0
          663.0              50.0              50.0              48.3   1758704597685.0
          664.0              50.0              50.0              48.3   1758704598687.0
          665.0              50.0              50.0              48.4   1758704599708.0
          666.0              50.0              50.0              48.3   1758704600696.0
          667.0              50.0              50.0              48.4   1758704601706.0
          668.0              50.0              50.0              48.7   1758704602713.0
          669.0              50.0              50.0              48.4   1758704603697.0
          670.0              50.0              50.0              48.6   1758704604682.0
          671.0              50.0              50.0              48.7   1758704605688.0
          672.0              50.0              50.0              48.7   1758704606690.0
          673.0              50.0              50.0              48.8   1758704607697.0
          674.0              50.0              50.0              48.6   1758704608713.0
          675.0              50.0              50.0              48.8   1758704609687.0
          676.0              50.0              50.0              48.8   1758704610690.0
          677.0              50.0              50.0              48.7   1758704611696.0
          678.0              50.0              50.0              48.8   1758704612691.0
          679.0              50.0              50.0              48.8   1758704613698.0
          680.0              50.0              50.0              48.8   1758704614703.0
          681.0              50.0              50.0              48.7   1758704615708.0
          682.0              50.0              50.0              48.7   1758704616707.0
          683.0              50.0              50.0              48.8   1758704617695.0
          684.0              50.0              50.0              48.8   1758704618697.0
          685.0              50.0              50.0              49.0   1758704619706.0
          686.0              50.0              50.0              48.9   1758704620713.0
          687.0              50.0              50.0              48.9   1758704621696.0
          688.0              50.0              50.0              48.9   1758704622684.0
          689.0              50.0              50.0              48.9   1758704623691.0
          690.0              50.0              50.0              48.9   1758704624697.0
          691.0              50.0              50.0              49.1   1758704625682.0
          692.0              50.0              50.0              49.0   1758704626686.0
          693.0              50.0              50.0              48.9   1758704627688.0
          694.0              50.0              50.0              49.0   1758704628695.0
          695.0              50.0              50.0              49.0   1758704629696.0
          696.0              50.0              50.0              48.9   1758704630697.0
          697.0              50.0              50.0              48.9   1758704631698.0
          698.0              50.0              50.0              48.8   1758704632700.0
          699.0              50.0              50.0              48.9   1758704633703.0
          700.0              50.0              50.0              49.1   1758704634692.0
          701.0              50.0              50.0              49.0   1758704635696.0
          702.0              50.0              50.0              49.0   1758704636692.0
          703.0              50.0              50.0              48.9   1758704637717.0
          704.0              50.0              50.0              48.8   1758704638699.0
          705.0              50.0              50.0              48.7   1758704639681.0
          706.0              50.0              50.0              48.8   1758704640689.0
          707.0              50.0              50.0              48.9   1758704641687.0
          708.0              50.0              50.0              48.9   1758704642689.0
          709.0              50.0              50.0              48.9   1758704643696.0
          710.0              50.0              50.0              49.1   1758704644685.0
          711.0              50.0              50.0              49.0   1758704645685.0
          712.0              50.0              50.0              49.0   1758704646686.0
          713.0              50.0              50.0              48.9   1758704647689.0
          714.0              50.0              50.0              49.0   1758704648690.0
          715.0              50.0              50.0              48.9   1758704649685.0
          716.0              50.0              50.0              48.9   1758704650694.0
          717.0              50.0              50.0              48.9   1758704651692.0
          718.0              50.0              50.0              48.7   1758704652685.0
          719.0              50.0              50.0              48.9   1758704653695.0
          720.0              50.0              50.0              48.9   1758704654683.0
          721.0              50.0              50.0              48.8   1758704655689.0
          722.0              50.0              50.0              48.8   1758704656681.0
          723.0              50.0              50.0              48.9   1758704657688.0
          724.0              50.0              50.0              48.8   1758704658690.0
          725.0              50.0              50.0              48.8   1758704659687.0
          726.0              50.0              50.0              48.8   1758704660692.0
          727.0              50.0              50.0              48.8   1758704661695.0
          728.0              50.0              50.0              48.8   1758704662707.0
          729.0              50.0              50.0              48.8   1758704663710.0
          730.0              50.0              50.0              48.7   1758704664693.0
          731.0              50.0              50.0              48.8   1758704665696.0
          732.0              50.0              50.0              49.0   1758704666698.0
          733.0              50.0              50.0              49.0   1758704667690.0
          734.0              50.0              50.0              49.1   1758704668691.0
          735.0              50.0              50.0              49.3   1758704669694.0
          736.0              50.0              50.0              49.1   1758704670699.0
          737.0              50.0              50.0              49.0   1758704671695.0
          738.0              50.0              50.0              49.1   1758704672685.0
          739.0              50.0              50.0              49.4   1758704673688.0
          740.0              50.0              50.0              49.3   1758704674693.0
          741.0              50.0              50.0              49.3   1758704675689.0
          742.0              50.0              50.0              49.4   1758704676687.0
          743.0              50.0              50.0              49.5   1758704677687.0
          744.0              50.0              50.0              49.3   1758704678693.0
          745.0              50.0              50.0              49.0   1758704679695.0
          746.0              50.0              50.0              49.1   1758704680685.0
          747.0              50.0              50.0              49.4   1758704681694.0
          748.0              50.0              50.0              49.1   1758704682686.0
          749.0              50.0              50.0              49.1   1758704683686.0
          750.0              50.0              50.0              49.1   1758704684685.0
          751.0              50.0              50.0              49.1   1758704685683.0
          752.0              50.0              50.0              49.1   1758704686683.0
          753.0              50.0              50.0              49.0   1758704687685.0
          754.0              50.0              50.0              48.9   1758704688692.0
          755.0              50.0              50.0              49.1   1758704689694.0
          756.0              50.0              50.0              49.0   1758704690694.0
          757.0              50.0              50.0              49.1   1758704691685.0
          758.0              50.0              50.0              49.1   1758704692689.0
          759.0              50.0              50.0              49.1   1758704693696.0
          760.0              50.0              50.0              48.9   1758704694693.0
          761.0              50.0              50.0              48.9   1758704695710.0
          762.0              50.0              50.0              48.9   1758704696713.0
          763.0              50.0              50.0              48.9   1758704697697.0
          764.0              50.0              50.0              49.0   1758704698687.0
          765.0              50.0              50.0              49.0   1758704699691.0
          766.0              50.0              50.0              49.0   1758704700690.0
          767.0              50.0              50.0              48.9   1758704701695.0
          768.0              50.0              50.0              49.1   1758704702687.0
          769.0              50.0              50.0              49.0   1758704703697.0
          770.0              50.0              50.0              49.0   1758704704685.0
          771.0              50.0              50.0              49.1   1758704705690.0
          772.0              50.0              50.0              49.5   1758704706692.0
          773.0              50.0              50.0              49.4   1758704707707.0
          774.0              50.0              50.0              49.4   1758704708689.0
          775.0              50.0              50.0              49.3   1758704709696.0
          776.0              50.0              50.0              49.4   1758704710698.0
          777.0              50.0              50.0              49.1   1758704711699.0
          778.0              50.0              50.0              49.3   1758704713043.0
          779.0              50.0              50.0              49.3   1758704713687.0
          780.0              50.0              50.0              49.3   1758704714686.0
          781.0              50.0              50.0              49.3   1758704715691.0
          782.0              50.0              50.0              49.4   1758704716691.0
          783.0              50.0              50.0              49.5   1758704717694.0
          784.0              50.0              50.0              49.4   1758704718698.0
          785.0              50.0              50.0              49.3   1758704719687.0
          786.0              50.0              50.0              49.4   1758704720688.0
          787.0              50.0              50.0              49.3   1758704721695.0
          788.0              50.0              50.0              49.1   1758704722696.0
          789.0              50.0              50.0              49.1   1758704723694.0
          790.0              50.0              50.0              49.1   1758704724697.0
          791.0              50.0              50.0              49.1   1758704725705.0
          792.0              50.0              50.0              49.3   1758704726696.0
          793.0              50.0              50.0              49.1   1758704727695.0
          794.0              50.0              50.0              49.3   1758704728695.0
          795.0              50.0              50.0              49.1   1758704729710.0
          796.0              50.0              50.0              49.0   1758704730715.0
          797.0              50.0              50.0              49.3   1758704731684.0
          798.0              50.0              50.0              49.3   1758704732689.0
          799.0              50.0              50.0              49.3   1758704733714.0
          800.0              50.0              50.0              49.1   1758704734692.0
          801.0              50.0              50.0              49.3   1758704735689.0
          802.0              50.0              50.0              49.1   1758704736693.0
          803.0              50.0              50.0              49.3   1758704737695.0
          804.0              50.0              50.0              49.3   1758704738686.0
          805.0              50.0              50.0              49.3   1758704739688.0
          806.0              50.0              50.0              49.3   1758704740709.0
          807.0              50.0              50.0              49.1   1758704741695.0
          808.0              50.0              50.0              49.0   1758704742695.0
          809.0              50.0              50.0              48.9   1758704743684.0
          810.0              50.0              50.0              48.7   1758704744689.0
          811.0              50.0              50.0              48.8   1758704745695.0
          812.0              50.0              50.0              48.8   1758704746682.0
          813.0              50.0              50.0              48.8   1758704747688.0
          814.0              50.0              50.0              48.6   1758704748710.0
          815.0              50.0              50.0              48.7   1758704749685.0
          816.0              50.0              50.0              48.7   1758704750687.0
          817.0              50.0              50.0              48.4   1758704751693.0
          818.0              50.0              50.0              48.7   1758704752696.0
          819.0              50.0              50.0              48.8   1758704753713.0
          820.0              50.0              50.0              48.9   1758704754684.0
          821.0              50.0              50.0              48.9   1758704755682.0
          822.0              50.0              50.0              48.9   1758704756683.0
          823.0              50.0              50.0              49.0   1758704757691.0
          824.0              50.0              50.0              48.9   1758704758706.0
          825.0              50.0              50.0              48.7   1758704759690.0
          826.0              50.0              50.0              48.8   1758704760695.0
          827.0              50.0              50.0              48.8   1758704761694.0
          828.0              50.0              50.0              48.7   1758704762686.0
          829.0              50.0              50.0              48.8   1758704763689.0
          830.0              50.0              50.0              48.8   1758704764697.0
          831.0              50.0              50.0              48.6   1758704765683.0
          832.0              50.0              50.0              48.7   1758704766691.0
          833.0              50.0              50.0              48.8   1758704767695.0
          834.0              50.0              50.0              48.9   1758704768689.0
          835.0              50.0              50.0              48.9   1758704769695.0
          836.0              50.0              50.0              48.9   1758704770698.0
          837.0              50.0              50.0              48.9   1758704771706.0
          838.0              50.0              50.0              49.0   1758704772696.0
          839.0              50.0              50.0              49.0   1758704773711.0
          840.0              50.0              50.0              48.9   1758704774716.0
          841.0              50.0              50.0              48.9   1758704775699.0
          842.0              50.0              50.0              48.8   1758704776708.0
          843.0              50.0              50.0              48.9   1758704777709.0
          844.0              50.0              50.0              49.0   1758704778695.0
          845.0              50.0              50.0              49.1   1758704779707.0
          846.0              50.0              50.0              49.0   1758704780694.0
          847.0              50.0              50.0              49.0   1758704781694.0
          848.0              50.0              50.0              49.1   1758704782696.0
          849.0              50.0              50.0              49.0   1758704783699.0
          850.0              50.0              50.0              49.1   1758704784714.0
          851.0              50.0              50.0              49.3   1758704785698.0
          852.0              50.0              50.0              49.4   1758704786692.0
          853.0              50.0              50.0              49.1   1758704787687.0
          854.0              50.0              50.0              49.1   1758704788708.0
          855.0              50.0              50.0              49.1   1758704789686.0
          856.0              50.0              50.0              49.1   1758704790695.0
          857.0              50.0              50.0              49.0   1758704791713.0
          858.0              50.0              50.0              49.1   1758704792713.0
          859.0              50.0              50.0              49.3   1758704793711.0
          860.0              50.0              50.0              49.3   1758704794688.0
          861.0              50.0              50.0              49.3   1758704795696.0
          862.0              50.0              50.0              49.1   1758704796699.0
          863.0              50.0              50.0              49.3   1758704797696.0
          864.0              50.0              50.0              49.3   1758704798714.0
          865.0              50.0              50.0              49.0   1758704799685.0
          866.0              50.0              50.0              49.1   1758704800711.0
          867.0              50.0              50.0              49.1   1758704801717.0
          868.0              50.0              50.0              49.3   1758704802691.0
          869.0              50.0              50.0              49.3   1758704803702.0
          870.0              50.0              50.0              49.3   1758704804690.0
          871.0              50.0              50.0              49.3   1758704805698.0
          872.0              50.0              50.0              49.3   1758704806710.0
          873.0              50.0              50.0              49.3   1758704807692.0
          874.0              50.0              50.0              49.3   1758704808698.0
          875.0              50.0              50.0              49.4   1758704809715.0
          876.0              50.0              50.0              49.4   1758704810716.0
          877.0              50.0              50.0              49.3   1758704811681.0
          878.0              50.0              50.0              49.3   1758704812695.0
          879.0              50.0              50.0              49.4   1758704813702.0
          880.0              50.0              50.0              49.4   1758704814694.0
          881.0              50.0              50.0              49.3   1758704815683.0
          882.0              50.0              50.0              49.0   1758704816703.0
          883.0              50.0              50.0              49.1   1758704817790.0
          884.0              50.0              50.0              49.1   1758704818683.0
          885.0              50.0              50.0              49.0   1758704819689.0
          886.0              50.0              50.0              49.1   1758704820689.0
          887.0              50.0              50.0              49.3   1758704821693.0
          888.0              50.0              50.0              49.3   1758704822683.0
          889.0              50.0              50.0              49.0   1758704823685.0
          890.0              50.0              50.0              49.0   1758704824689.0
          891.0              50.0              50.0              49.1   1758704825694.0
          892.0              50.0              50.0              49.0   1758704826705.0
          893.0              50.0              50.0              49.0   1758704827693.0
          894.0              50.0              50.0              48.9   1758704828694.0
          895.0              50.0              50.0              49.0   1758704829703.0
          896.0              50.0              50.0              49.0   1758704830703.0
          897.0              50.0              50.0              48.8   1758704831694.0
          898.0              50.0              50.0              48.9   1758704832685.0
          899.0              50.0              50.0              49.3   1758704833686.0
          900.0              50.0              50.0              49.3   1758704834688.0
          901.0              50.0              50.0              49.0   1758704835692.0
          902.0              50.0              50.0              49.1   1758704836694.0
          903.0              50.0              50.0              49.0   1758704837701.0
          904.0              50.0              50.0              49.0   1758704838689.0
          905.0              50.0              50.0              49.1   1758704839694.0
          906.0              50.0              50.0              49.0   1758704840709.0
          907.0              50.0              50.0              49.1   1758704841715.0
          908.0              50.0              50.0              48.9   1758704842713.0
          909.0              50.0              50.0              49.1   1758704843701.0
          910.0              50.0              50.0              49.1   1758704844686.0
          911.0              50.0              50.0              49.1   1758704845705.0
          912.0              50.0              50.0              49.0   1758704846709.0
          913.0              50.0              50.0              49.0   1758704847711.0
          914.0              50.0              50.0              48.9   1758704848700.0
          915.0              50.0              50.0              49.1   1758704849703.0
          916.0              50.0              50.0              49.4   1758704850694.0
          917.0              50.0              50.0              49.3   1758704851694.0
          918.0              50.0              50.0              49.4   1758704852701.0
          919.0              50.0              50.0              49.3   1758704853687.0
          920.0              50.0              50.0              49.3   1758704854709.0
          921.0              50.0              50.0              49.4   1758704855696.0
          922.0              50.0              50.0              49.1   1758704856698.0
          923.0              50.0              50.0              49.4   1758704857700.0
          924.0              50.0              50.0              49.5   1758704858690.0
          925.0              50.0              50.0              49.5   1758704859693.0
          926.0              50.0              50.0              49.3   1758704860689.0
          927.0              50.0              50.0              49.3   1758704861687.0
          928.0              50.0              50.0              49.1   1758704862691.0
          929.0              50.0              50.0              49.1   1758704863689.0
          930.0              50.0              50.0              49.1   1758704864710.0
          931.0              50.0              50.0              49.1   1758704865695.0
          932.0              50.0              50.0              49.1   1758704866710.0
          933.0              50.0              50.0              49.1   1758704867710.0
          934.0              50.0              50.0              49.3   1758704868701.0
          935.0              50.0              50.0              49.4   1758704869695.0
          936.0              50.0              50.0              49.4   1758704870684.0
          937.0              50.0              50.0              49.5   1758704871685.0
          938.0              50.0              50.0              49.4   1758704872692.0
          939.0              50.0              50.0              49.4   1758704873687.0
          940.0              50.0              50.0              49.4   1758704874688.0
          941.0              50.0              50.0              49.5   1758704875685.0
          942.0              50.0              50.0              49.5   1758704876708.0
          943.0              50.0              50.0              49.5   1758704877694.0
          944.0              50.0              50.0              49.4   1758704878694.0
          945.0              50.0              50.0              49.4   1758704879715.0
          946.0              50.0              50.0              49.3   1758704880711.0
          947.0              50.0              50.0              49.4   1758704881714.0
          948.0              50.0              50.0              49.4   1758704882696.0
          949.0              50.0              50.0              49.5   1758704883688.0
          950.0              50.0              50.0              49.4   1758704884689.0
          951.0              50.0              50.0              49.3   1758704885702.0
          952.0              50.0              50.0              49.3   1758704886685.0
          953.0              50.0              50.0              49.4   1758704887699.0
          954.0              50.0              50.0              49.3   1758704888705.0
          955.0              50.0              50.0              49.5   1758704889692.0
          956.0              50.0              50.0              49.5   1758704890682.0
          957.0              50.0              50.0              49.5   1758704891690.0
          958.0              50.0              50.0              49.4   1758704892700.0
          959.0              50.0              50.0              49.4   1758704893685.0
          960.0              50.0              50.0              49.3   1758704894688.0
          961.0              50.0              50.0              49.4   1758704895683.0
          962.0              50.0              50.0              49.3   1758704896684.0
          963.0              50.0              50.0              49.3   1758704897683.0
          964.0              50.0              50.0              49.4   1758704898687.0
          965.0              50.0              50.0              49.5   1758704899708.0
          966.0              50.0              50.0              49.5   1758704900697.0
          967.0              50.0              50.0              49.3   1758704901694.0
          968.0              50.0              50.0              49.3   1758704902697.0
          969.0              50.0              50.0              49.1   1758704903718.0
          970.0              50.0              50.0              49.1   1758704904693.0
          971.0              50.0              50.0              49.3   1758704905709.0
          972.0              50.0              50.0              49.3   1758704906692.0
          973.0              50.0              50.0              49.3   1758704907694.0
          974.0              50.0              50.0              49.3   1758704908711.0
          975.0              50.0              50.0              49.4   1758704909726.0
          976.0              50.0              50.0              49.4   1758704910700.0
          977.0              50.0              50.0              49.1   1758704911689.0
          978.0              50.0              50.0              49.1   1758704912687.0
          979.0              50.0              50.0              49.3   1758704913716.0
          980.0              50.0              50.0              49.5   1758704914712.0
          981.0              50.0              50.0              49.4   1758704915694.0
          982.0              50.0              50.0              49.3   1758704916695.0
          983.0              50.0              50.0              49.4   1758704917716.0
          984.0              50.0              50.0              49.3   1758704918698.0
          985.0              50.0              50.0              49.3   1758704919690.0
          986.0              50.0              50.0              49.0   1758704920684.0
          987.0              50.0              50.0              49.1   1758704921683.0
          988.0              50.0              50.0              49.0   1758704922692.0
          989.0              50.0              50.0              49.1   1758704923705.0
          990.0              50.0              50.0              49.1   1758704924691.0
          991.0              50.0              50.0              49.0   1758704925695.0
          992.0              50.0              50.0              49.1   1758704926685.0
          993.0              50.0              50.0              49.0   1758704927694.0
          994.0              50.0              50.0              48.9   1758704928683.0
          995.0              50.0              50.0              49.4   1758704929691.0
          996.0              50.0              50.0              49.1   1758704930689.0
          997.0              50.0              50.0              49.3   1758704931698.0
          998.0              50.0              50.0              49.3   1758704932685.0
          999.0              50.0              50.0              49.1   1758704933695.0
         1000.0              50.0              50.0              49.3   1758704934708.0
